push
rotate
x 15
rotate
y 45
box
0 150 50 50 50 50
box
0 150 150 50 50 50
box
0 150 250 50 50 50
box
0 150 350 50 50 50
box
100 150 50 50 50 50
box
100 150 150 50 50 50
box
100 150 250 50 50 50
box
100 150 350 50 50 50
box
200 150 50 50 50 50
box
200 150 150 50 50 50
box
200 150 250 50 50 50
box
200 150 350 50 50 50
box
300 150 50 50 50 50
box
300 150 150 50 50 50
box
300 150 250 50 50 50
box
300 150 350 50 50 50
box
50 200 100 50 50 50
box
50 200 200 50 50 50
box
50 200 300 50 50 50
box
150 200 100 50 50 50
box
150 200 200 50 50 50
box
150 200 300 50 50 50
box
250 200 100 50 50 50
box
250 200 200 50 50 50
box
250 200 300 50 50 50
box
100 250 150 50 50 50
box
100 250 250 50 50 50
box
200 250 150 50 50 50
box
200 250 250 50 50 50
box
150 300 200 50 50 50
pop
save
boxes.png
