circle
340.0 250.0 0 20
circle
337.172484502 272.382089845 0 25
circle
328.867601204 293.357830669 0 30
circle
315.607176468 311.609239534 0 35
circle
298.224411548 325.989513295 0 40
circle
277.811529494 335.595086467 0 45
circle
255.651146758 339.822405559 0 50
circle
233.135681687 338.405852566 0 55
circle
211.679863759 331.434434722 0 60
circle
192.631840923 319.34619185 0 65
circle
177.188470506 302.900672706 0 70
circle
166.32011627 283.131209742 0 75
circle
160.709676882 261.279991021 0 80
circle
160.709676882 238.720008979 0 85
circle
166.32011627 216.868790258 0 90
circle
177.188470506 197.099327294 0 95
circle
192.631840923 180.65380815 0 100
circle
211.679863759 168.565565278 0 105
circle
233.135681687 161.594147434 0 110
circle
255.651146758 160.177594441 0 115
circle
277.811529494 164.404913533 0 120
circle
298.224411548 174.010486705 0 125
circle
315.607176468 188.390760466 0 130
circle
328.867601204 206.642169331 0 135
circle
337.172484502 227.617910155 0 140
save
circles.png
